53 6f 70 68 69 65 20 77 65 6c 63 6f 6d 65 73 20 79
6f 75 2e 0d 0a 0d 0a 50 61 74 69 65 6e 63 65 20 69
73 20 61 20 76 69 72 74 75 65 2c 20 65 73 70 65 63
69 61 6c 6c 79 20 69 6e 20 74 68 65 20 54 6f 72 20
6e 65 74 77 6f 72 6b 2e 20 0d 0a 0d 0a 53 6f 20 69
73 20 50 65 72 73 65 76 65 72 61 6e 63 65 20 61 73
20 74 68 65 72 65 20 61 72 65 20 64 65 63 6f 79 73
2e 20 53 6f 70 68 69 65 20 6c 6f 76 65 73 20 6d 61
6b 69 6e 67 20 74 68 69 6e 67 73 20 64 69 66 66 69
63 75 6c 74 20 66 6f 72 20 6f 74 68 65 72 73 20 3b
29 0d 0a 0d 0a 4c 65 74 27 73 20 62 65 67 69 6e 2e
0d 0a 0d 0a 47 6f 6f 64 20 6c 75 63 6b 2e
